1.6251772046089172
1.9234402477741241
1.887026309967041
1.5430525839328766
1.5144699215888977
1.4856374263763428
1.508487194776535
1.5547946095466614
1.5021578967571259
1.546698272228241
1.5721519589424133
1.4879275858402252
1.806199699640274
1.4682385623455048
1.517914205789566
1.419711172580719
1.7969317734241486
1.869549810886383
1.4837161302566528
1.4532029330730438
1.4320043325424194
1.4122585952281952
1.397967368364334
1.3899261057376862
1.9513868987560272
1.3998360633850098
1.350151151418686
1.3135823607444763
1.378073662519455
1.6819863617420197
1.3330002427101135
1.364631325006485
1.3882079422473907
1.31940159201622
1.3465076982975006
1.2703894972801208
1.293181598186493
1.3548435866832733
1.2634164690971375
1.3091626167297363
1.4649230539798737
1.3400258421897888
1.3435198664665222
1.3467627167701721
1.401319533586502
1.2713654935359955
1.248915195465088
1.3146881759166718
1.1882663667201996
1.1979463994503021
1.2411779463291168
0.3229967951774597
1.3579474985599518
1.3047095239162445
1.308528572320938
1.2091432511806488
1.2785126864910126
1.3265712261199951
1.2927466332912445
1.2645140886306763
1.2548363208770752
1.1902783811092377
1.1716863960027695
1.242626816034317
1.3018964529037476
1.2358220219612122
1.1861990988254547
1.1885937452316284
1.121254488825798
1.194008857011795
1.2557687759399414
1.150060772895813
1.242066890001297
1.1867136657238007
1.1851718723773956
1.2056857347488403
1.259999930858612
1.0831219106912613
1.186238318681717
1.129051387310028
1.2132811546325684
1.144559383392334
1.2571463286876678
1.1674732267856598
1.165621966123581
1.133789837360382
1.2532214224338531
1.2764078080654144
1.0651094764471054
1.2524762451648712
1.2115781605243683
1.1656257808208466
1.1405116617679596
1.1854563653469086
1.2583629488945007
1.1140300333499908
1.1166321486234665
1.1872446537017822
1.0983227342367172
1.1383188217878342
1.1336729824543
1.1125406324863434
1.2213665843009949
0.33033594489097595
1.1453511118888855
1.1446539461612701
1.1854264438152313
1.1629242300987244
1.2717571258544922
1.1716755628585815
1.1476207077503204
1.1281057000160217
1.1405096650123596
1.1939042508602142
1.113587886095047
1.124911367893219
1.1474214643239975
1.2134036123752594
1.1719873249530792
1.2014157176017761
1.1162211894989014
1.047256961464882
1.1265224516391754
1.1698392629623413
1.1384636163711548
1.174432396888733
1.1488843262195587
1.1831790208816528
1.1336709558963776
1.1636584103107452
1.2035122364759445
1.2072932124137878
1.158032864332199
1.1287052929401398
1.1271143406629562
1.13456591963768
1.0797862857580185
1.1670724153518677
1.135355144739151
1.1494865417480469
1.141754150390625
1.070662945508957
1.2869949638843536
1.106936663389206
1.0889943093061447
1.2283720672130585
1.108452558517456
1.143586903810501
1.1653496623039246
1.0843144804239273
1.0793375670909882
1.160305231809616
1.1455322206020355
1.119557797908783
1.1006325483322144
0.2657160460948944
1.074434071779251
1.1265198290348053
1.1026583462953568
1.1629721522331238
1.0926349461078644
1.143322616815567
1.1119791269302368
1.2065407037734985
1.045320376753807
1.1181696951389313
1.1471925675868988
1.203797072172165
1.1430160999298096
1.050295814871788
1.1417390704154968
1.1064969897270203
1.2736352384090424
1.1343177407979965
0.9709068685770035
1.1637726128101349
1.0889764726161957
1.1256451308727264
1.1028471887111664
1.1694387197494507
1.0898858308792114
1.0566151142120361
1.1887782216072083
1.0564032644033432
1.153373122215271
1.0296481102705002
1.180506020784378
1.074547916650772
1.146332323551178
1.0686087310314178
1.1309908330440521
1.1345964968204498
1.2190906703472137
1.1240699291229248
1.201299637556076
1.1392827033996582
1.152973547577858
1.0931565165519714
1.0786370784044266
1.1833418905735016
1.080136388540268
1.1567828357219696
1.1374097764492035
1.1445252895355225
1.122606873512268
1.1259227395057678
1.0869030803442001
0.26291900873184204
1.0858881622552872
1.028911367058754
1.0605183243751526
1.079219102859497
1.2184073626995087
1.095365270972252
1.1195648610591888
1.077366590499878
1.1239767670631409
0.9860410690307617
1.0523469001054764
1.1582767367362976
1.1702666580677032
1.0371661931276321
1.0931616127490997
1.0608997195959091
1.077255755662918
1.0982366502285004
1.1153218150138855
1.120725840330124
1.109587699174881
1.0835947841405869
1.1027301847934723
1.1346276700496674
1.0256247967481613
1.0037021189928055
0.95065638422966
1.0769287198781967
1.0868746936321259
1.1402828693389893
1.1071783155202866
1.0108060836791992
1.087241381406784
1.092601403594017
1.1125707626342773
1.0864229798316956
1.098140761256218
1.031420424580574
1.1069769710302353
1.0906032919883728
1.0642530620098114
1.107694149017334
1.06827512383461
1.0191471874713898
1.0656425952911377
1.0304154306650162
1.070981115102768
1.0954741537570953
1.0899328887462616
1.0709338933229446
1.0202141106128693
0.26668277382850647
1.1196637153625488
1.1035934686660767
1.0720155835151672
1.081253707408905
1.1639632880687714
1.1490457504987717
1.1023451089859009
1.1347340643405914
1.0459207892417908
1.1213087737560272
1.0642635822296143
1.1523469388484955
1.0303574353456497
1.0457836836576462
0.9949640929698944
1.0545983612537384
1.0684403777122498
1.0891966223716736
1.0978515446186066
1.044046476483345
1.08564093708992
1.0044683665037155
1.0391197055578232
1.1226414144039154
0.9986795783042908
1.027511939406395
1.0733818709850311
1.076801910996437
1.1715704798698425
1.0570282489061356
1.0944206267595291
1.0641743838787079
1.1046250611543655
1.0743654370307922
1.1026008129119873
1.0446879267692566
1.1560338139533997
0.9893151819705963
1.074904277920723
1.005122035741806
1.0616621375083923
1.0501653403043747
1.076336830854416
1.0470235645771027
1.1366448402404785
1.0514746457338333
1.1094395369291306
1.1185536980628967
1.2051478922367096
1.058093711733818
1.1354999840259552
0.26258835196495056
1.0268911719322205
0.9919415861368179
1.1029542535543442
0.9999975860118866
1.0510176569223404
1.0514552295207977
0.9188048243522644
1.0030957162380219
0.9746794402599335
1.005128189921379
1.152012199163437
1.1313735842704773
1.030860647559166
1.1320714503526688
1.045324593782425
1.0235693007707596
1.0421007126569748
1.0523152202367783
1.0021308958530426
1.0310503244400024
1.0193078815937042
1.1267166435718536
1.0545887649059296
0.9536953270435333
1.0362855046987534
1.037517711520195
1.0031876862049103
0.9369406700134277
1.0338861644268036
0.9499611854553223
1.0713258236646652
1.0329492688179016
1.059779167175293
0.9754436016082764
1.04518423974514
1.0574893355369568
1.0770518630743027
1.01270891726017
1.0341911017894745
1.051505371928215
1.0243868827819824
0.9781435579061508
1.0970591306686401
1.0936189889907837
1.0229859054088593
1.1559998691082
1.046943560242653
1.0979799628257751
1.0524128824472427
1.0530985295772552
1.054653525352478
0.27085772156715393
0.9093092530965805
0.9860633462667465
1.1140183061361313
0.9823393374681473
1.0476785451173782
1.0032190680503845
1.0709517151117325
1.0596595257520676
1.0838075280189514
0.9976157695055008
1.0897966921329498
0.981146052479744
1.0318480283021927
0.9237493276596069
1.0685301423072815
1.0215406864881516
1.0587645918130875
1.0880798399448395
1.024291530251503
0.9632728844881058
1.0143404453992844
0.9717249572277069
1.0697188675403595
1.115922600030899
1.0245583355426788
1.0336173176765442
0.9024067670106888
1.0885915160179138
1.0445127189159393
0.9305128008127213
1.0563253909349442
1.0665647387504578
1.1098836362361908
1.019498571753502
0.991614431142807
0.9853391647338867
1.0762863457202911
1.042962685227394
1.0013204663991928
1.0557463765144348
1.0039209723472595
1.0876279771327972
1.0496560037136078
1.0042742043733597
1.0605070441961288
1.0946484506130219
1.1452148854732513
1.0606143176555634
1.1136707067489624
1.0136137455701828
1.0549823343753815
0.23008808493614197
1.0463523119688034
1.0561556816101074
1.0496126562356949
1.1164920330047607
0.9787420481443405
1.0574174225330353
0.9862244427204132
0.9591101109981537
1.0000341683626175
1.0024037808179855
0.9053268432617188
1.0726355463266373
1.0164566040039062
1.046550452709198
1.028803601861
1.0249832272529602
1.022945299744606
1.1350495517253876
1.0502764284610748
0.9947360306978226
0.958092451095581
0.967159166932106
1.047721728682518
0.9421245902776718
0.9893345087766647
1.0002068430185318
1.0125346779823303
0.9930038154125214
0.9514199048280716
1.0696471482515335
1.1343351602554321
0.8838402926921844
1.0885365307331085
1.084621861577034
1.0555856227874756
1.0187266021966934
0.9284787774085999
1.0151210129261017
1.0600021034479141
1.0206311494112015
1.0429216176271439
0.990040510892868
1.061468318104744
0.9842987954616547
0.9498202949762344
1.004530355334282
1.0660878121852875
1.0377402752637863
1.0142402052879333
0.9934201836585999
1.0614879876375198
0.25878196954727173
0.9548714756965637
1.0180030465126038
0.9580309987068176
0.9601326733827591
0.9107075929641724
0.9603707790374756
0.9928027391433716
0.9513930529356003
0.982217326760292
0.977418914437294
1.0226085633039474
0.9713283330202103
1.055424764752388
1.0754329562187195
0.9798799455165863
0.9698704034090042
1.0182963162660599
0.9488620460033417
1.0249895453453064
1.0084805339574814
1.0657904148101807
1.0539554059505463
1.0131170451641083
1.0369384735822678
1.0432324409484863
1.0573091804981232
1.0380114912986755
1.0615031868219376
1.0598793476819992
1.098855435848236
0.9609181135892868
1.0199908763170242
1.0986419320106506
0.925558552145958
1.0403609871864319
1.0712896436452866
0.9827278405427933
1.0067541003227234
1.1060989797115326
1.0297989696264267
0.9946293383836746
1.045311912894249
0.9624335467815399
1.0385472923517227
0.9892196953296661
1.0427090972661972
1.0074855387210846
0.9643088430166245
1.1057319343090057
1.0503278374671936
0.9211003631353378
0.24788352847099304